image_path,label,group,fuente,prob,split,particion,model
dataT/healthy/healthy_1025.jpg,0,21,A,0.0068825646,val,r1_f0,SwinT
dataT/healthy/healthy_1047.jpg,0,45,A,0.0006236424,val,r1_f0,SwinT
dataT/healthy/healthy_1064.jpg,0,64,B,2.7323991e-05,val,r1_f0,SwinT
dataT/healthy/healthy_1067.jpg,0,64,B,0.00013187475,val,r1_f0,SwinT
dataT/healthy/healthy_1068.jpg,0,64,B,0.00021482095,val,r1_f0,SwinT
dataT/healthy/healthy_1069.jpg,0,64,A,0.0015161466,val,r1_f0,SwinT
dataT/healthy/healthy_1070.jpg,0,64,B,4.140416e-05,val,r1_f0,SwinT
dataT/healthy/healthy_1071.jpg,0,64,B,9.6347125e-05,val,r1_f0,SwinT
dataT/healthy/healthy_1072.jpg,0,64,B,0.011300241,val,r1_f0,SwinT
dataT/healthy/healthy_1073.jpg,0,64,B,9.295418e-05,val,r1_f0,SwinT
dataT/healthy/healthy_1074.jpg,0,64,B,0.3282852,val,r1_f0,SwinT
dataT/healthy/healthy_1075.jpg,0,64,B,2.9760258e-05,val,r1_f0,SwinT
dataT/healthy/healthy_1076.jpg,0,64,B,0.000104217215,val,r1_f0,SwinT
dataT/healthy/healthy_1077.jpg,0,64,B,9.977203e-06,val,r1_f0,SwinT
dataT/healthy/healthy_1078.jpg,0,64,B,9.597649e-05,val,r1_f0,SwinT
dataT/healthy/healthy_1079.jpg,0,64,B,4.0887793e-05,val,r1_f0,SwinT
dataT/healthy/healthy_1080.jpg,0,64,A,0.00016349353,val,r1_f0,SwinT
dataT/healthy/healthy_1081.jpg,0,64,B,3.4577657e-05,val,r1_f0,SwinT
dataT/healthy/healthy_1082.jpg,0,64,B,0.00023782544,val,r1_f0,SwinT
dataT/healthy/healthy_1083.jpg,0,64,B,0.0002524735,val,r1_f0,SwinT
dataT/healthy/healthy_1084.jpg,0,64,B,1.3727203e-05,val,r1_f0,SwinT
dataT/healthy/healthy_1085.jpg,0,64,B,0.033217847,val,r1_f0,SwinT
dataT/healthy/healthy_1086.jpg,0,64,B,0.00027662853,val,r1_f0,SwinT
dataT/healthy/healthy_1087.jpg,0,64,B,0.00041522968,val,r1_f0,SwinT
dataT/healthy/healthy_1088.jpg,0,64,B,0.00066594855,val,r1_f0,SwinT
dataT/healthy/healthy_1089.jpg,0,64,B,0.007354305,val,r1_f0,SwinT
dataT/healthy/healthy_1090.jpg,0,64,B,0.02320191,val,r1_f0,SwinT
dataT/healthy/healthy_1091.jpg,0,64,A,0.00033020528,val,r1_f0,SwinT
dataT/healthy/healthy_1162.jpg,0,117,B,2.0211466e-05,val,r1_f0,SwinT
dataT/healthy/healthy_1191.jpg,0,64,B,0.00034895554,val,r1_f0,SwinT
dataT/healthy/healthy_1194.jpg,0,64,B,0.00010644521,val,r1_f0,SwinT
dataT/healthy/healthy_1195.jpg,0,64,B,0.31094575,val,r1_f0,SwinT
dataT/healthy/healthy_1196.jpg,0,64,B,3.8455153e-05,val,r1_f0,SwinT
dataT/healthy/healthy_1197.jpg,0,64,B,3.4065662e-05,val,r1_f0,SwinT
dataT/healthy/healthy_1198.jpg,0,64,B,1.0006485e-05,val,r1_f0,SwinT
dataT/healthy/healthy_1199.jpg,0,64,B,0.00047178808,val,r1_f0,SwinT
dataT/healthy/healthy_1200.jpg,0,64,B,3.045151e-05,val,r1_f0,SwinT
dataT/healthy/healthy_1201.jpg,0,64,B,0.004341856,val,r1_f0,SwinT
dataT/healthy/healthy_1202.jpg,0,64,B,0.000106623695,val,r1_f0,SwinT
dataT/healthy/healthy_1203.jpg,0,64,A,0.00025138588,val,r1_f0,SwinT
dataT/healthy/healthy_1204.jpg,0,64,B,0.00051875896,val,r1_f0,SwinT
dataT/healthy/healthy_1205.jpg,0,64,B,4.591853e-05,val,r1_f0,SwinT
dataT/healthy/healthy_1206.jpg,0,64,B,0.0013091761,val,r1_f0,SwinT
dataT/healthy/healthy_1207.jpg,0,64,B,0.00031825184,val,r1_f0,SwinT
dataT/healthy/healthy_1208.jpg,0,64,B,0.00026484797,val,r1_f0,SwinT
dataT/healthy/healthy_1209.jpg,0,64,B,0.00013580227,val,r1_f0,SwinT
dataT/healthy/healthy_1210.jpg,0,64,B,0.00026651903,val,r1_f0,SwinT
dataT/healthy/healthy_1211.jpg,0,64,B,7.6036267e-06,val,r1_f0,SwinT
dataT/healthy/healthy_1212.jpg,0,168,B,0.00027336148,val,r1_f0,SwinT
dataT/healthy/healthy_1213.jpg,0,64,B,4.31537e-05,val,r1_f0,SwinT
dataT/healthy/healthy_1214.jpg,0,168,A,8.581813e-05,val,r1_f0,SwinT
dataT/healthy/healthy_1215.jpg,0,64,B,0.00043075395,val,r1_f0,SwinT
dataT/healthy/healthy_1216.jpg,0,64,B,0.00021254458,val,r1_f0,SwinT
dataT/healthy/healthy_1217.jpg,0,64,B,0.039386235,val,r1_f0,SwinT
dataT/healthy/healthy_1218.jpg,0,64,B,3.205436e-05,val,r1_f0,SwinT
dataT/healthy/healthy_1219.jpg,0,64,B,4.3138436e-05,val,r1_f0,SwinT
dataT/healthy/healthy_1220.jpg,0,64,B,3.485969e-06,val,r1_f0,SwinT
dataT/healthy/healthy_1222.jpg,0,64,B,2.717457e-05,val,r1_f0,SwinT
dataT/healthy/healthy_1223.jpg,0,64,B,0.0061039263,val,r1_f0,SwinT
dataT/healthy/healthy_1225.jpg,0,64,A,0.0017697621,val,r1_f0,SwinT
dataT/healthy/healthy_1226.jpg,0,64,A,0.0012130967,val,r1_f0,SwinT
dataT/healthy/healthy_1227.jpg,0,64,B,8.316214e-05,val,r1_f0,SwinT
dataT/healthy/healthy_1228.jpg,0,64,B,3.2463908e-05,val,r1_f0,SwinT
dataT/healthy/healthy_1229.jpg,0,64,B,0.00024658573,val,r1_f0,SwinT
dataT/healthy/healthy_1230.jpg,0,64,B,0.0003631231,val,r1_f0,SwinT
dataT/healthy/healthy_1231.jpg,0,64,B,0.00057706446,val,r1_f0,SwinT
dataT/healthy/healthy_1233.jpg,0,64,B,0.0001543647,val,r1_f0,SwinT
dataT/healthy/healthy_1234.jpg,0,64,B,5.252374e-06,val,r1_f0,SwinT
dataT/healthy/healthy_1236.jpg,0,64,B,0.00016901996,val,r1_f0,SwinT
dataT/healthy/healthy_1237.jpg,0,64,A,0.0013213041,val,r1_f0,SwinT
dataT/healthy/healthy_1240.jpg,0,64,B,0.00013487684,val,r1_f0,SwinT
dataT/healthy/healthy_1242.jpg,0,64,B,3.853771e-06,val,r1_f0,SwinT
dataT/healthy/healthy_1243.jpg,0,64,B,0.0006934289,val,r1_f0,SwinT
dataT/healthy/healthy_1244.jpg,0,64,B,4.5286274e-06,val,r1_f0,SwinT
dataT/healthy/healthy_1245.jpg,0,64,B,1.4576122e-05,val,r1_f0,SwinT
dataT/healthy/healthy_1246.jpg,0,64,B,3.5211888e-06,val,r1_f0,SwinT
dataT/healthy/healthy_1247.jpg,0,64,B,0.025078803,val,r1_f0,SwinT
dataT/healthy/healthy_1248.jpg,0,64,A,0.013426277,val,r1_f0,SwinT
dataT/healthy/healthy_1249.jpg,0,64,B,0.0033852097,val,r1_f0,SwinT
dataT/healthy/healthy_1250.jpg,0,64,B,5.5094392e-06,val,r1_f0,SwinT
dataT/healthy/healthy_1251.jpg,0,64,B,0.0026665218,val,r1_f0,SwinT
dataT/healthy/healthy_1252.jpg,0,64,B,7.365256e-06,val,r1_f0,SwinT
dataT/healthy/healthy_1253.jpg,0,64,B,0.030372385,val,r1_f0,SwinT
dataT/healthy/healthy_1254.jpg,0,64,B,8.362667e-06,val,r1_f0,SwinT
dataT/healthy/healthy_1255.jpg,0,64,B,0.0013287193,val,r1_f0,SwinT
dataT/healthy/healthy_1256.jpg,0,64,B,0.0011526216,val,r1_f0,SwinT
dataT/healthy/healthy_1257.jpg,0,64,B,0.00015037257,val,r1_f0,SwinT
dataT/healthy/healthy_1258.jpg,0,64,B,0.0011451025,val,r1_f0,SwinT
dataT/healthy/healthy_1259.jpg,0,64,A,0.003006139,val,r1_f0,SwinT
dataT/healthy/healthy_1260.jpg,0,64,B,0.0005928388,val,r1_f0,SwinT
dataT/healthy/healthy_1261.jpg,0,64,B,0.00021361852,val,r1_f0,SwinT
dataT/healthy/healthy_1262.jpg,0,64,B,8.466138e-07,val,r1_f0,SwinT
dataT/healthy/healthy_1263.jpg,0,64,B,8.2399594e-05,val,r1_f0,SwinT
dataT/healthy/healthy_1264.jpg,0,64,B,0.0006448225,val,r1_f0,SwinT
dataT/healthy/healthy_1265.jpg,0,64,B,0.00044479145,val,r1_f0,SwinT
dataT/healthy/healthy_1266.jpg,0,64,B,0.008435909,val,r1_f0,SwinT
dataT/healthy/healthy_1267.jpg,0,64,B,7.704113e-05,val,r1_f0,SwinT
dataT/healthy/healthy_1272.jpg,0,228,B,0.025284458,val,r1_f0,SwinT
dataT/healthy/healthy_1422.jpg,0,249,A,0.005337524,val,r1_f0,SwinT
dataT/healthy/healthy_1423.jpg,0,250,A,0.5198735,val,r1_f0,SwinT
dataT/healthy/healthy_1424.jpg,0,250,A,0.23217002,val,r1_f0,SwinT
dataT/healthy/healthy_1436.jpg,0,263,A,0.0020757823,val,r1_f0,SwinT
dataT/healthy/healthy_1447.jpg,0,273,A,8.810929e-05,val,r1_f0,SwinT
dataT/healthy/healthy_1454.jpg,0,280,A,3.5589495e-05,val,r1_f0,SwinT
dataT/healthy/healthy_1488.jpg,0,314,A,0.000101676065,val,r1_f0,SwinT
dataT/healthy/healthy_1503.jpg,0,330,A,0.0027233476,val,r1_f0,SwinT
dataT/healthy/healthy_1523.jpg,0,359,A,5.9883587e-05,val,r1_f0,SwinT
dataT/healthy/healthy_1524.jpg,0,359,A,4.18245e-05,val,r1_f0,SwinT
dataT/healthy/healthy_1525.jpg,0,359,A,0.00031186803,val,r1_f0,SwinT
dataT/healthy/healthy_1526.jpg,0,359,A,1.0776969e-05,val,r1_f0,SwinT
dataT/healthy/healthy_1532.jpg,0,359,A,5.4331663e-06,val,r1_f0,SwinT
dataT/healthy/healthy_1534.jpg,0,359,A,0.0016194839,val,r1_f0,SwinT
dataT/healthy/healthy_1535.jpg,0,359,A,6.8170357e-06,val,r1_f0,SwinT
dataT/healthy/healthy_1537.jpg,0,359,A,1.5629725e-05,val,r1_f0,SwinT
dataT/healthy/healthy_1570.jpg,0,397,A,0.00081850396,val,r1_f0,SwinT
dataT/healthy/healthy_1673.jpg,0,453,A,0.0002441553,val,r1_f0,SwinT
dataT/healthy/healthy_1675.jpg,0,453,A,0.00052005134,val,r1_f0,SwinT
dataT/healthy/healthy_2061.jpg,0,484,A,4.64791e-05,val,r1_f0,SwinT
dataT/healthy/healthy_2066.jpg,0,489,A,0.00081636425,val,r1_f0,SwinT
dataT/healthy/healthy_214.jpg,0,571,A,0.015522115,val,r1_f0,SwinT
dataT/healthy/healthy_2512.jpg,0,661,A,0.003359133,val,r1_f0,SwinT
dataT/healthy/healthy_2633.jpg,0,759,A,0.0012644671,val,r1_f0,SwinT
dataT/healthy/healthy_2793.jpg,0,840,A,1.3031675e-05,val,r1_f0,SwinT
dataT/healthy/healthy_2796.jpg,0,843,A,0.009318712,val,r1_f0,SwinT
dataT/healthy/healthy_2800.jpg,0,849,A,0.0008568076,val,r1_f0,SwinT
dataT/healthy/healthy_289.jpg,0,876,A,0.0011264542,val,r1_f0,SwinT
dataT/healthy/healthy_290.jpg,0,876,A,0.00067364174,val,r1_f0,SwinT
dataT/healthy/healthy_291.jpg,0,876,A,0.010108483,val,r1_f0,SwinT
dataT/healthy/healthy_3117.jpg,0,917,A,0.0002565413,val,r1_f0,SwinT
dataT/healthy/healthy_3334.jpg,0,992,A,0.23832564,val,r1_f0,SwinT
dataT/healthy/healthy_3340.jpg,0,998,A,0.0014841979,val,r1_f0,SwinT
dataT/healthy/healthy_3342.jpg,0,998,A,0.00048989983,val,r1_f0,SwinT
dataT/healthy/healthy_3344.jpg,0,998,A,0.007981547,val,r1_f0,SwinT
dataT/healthy/healthy_424.jpg,0,1026,B,0.00013356512,val,r1_f0,SwinT
dataT/healthy/healthy_427.jpg,0,1026,B,3.8756566e-06,val,r1_f0,SwinT
dataT/healthy/healthy_428.jpg,0,1026,B,0.0027861346,val,r1_f0,SwinT
dataT/healthy/healthy_429.jpg,0,1026,B,0.00026290145,val,r1_f0,SwinT
dataT/healthy/healthy_431.jpg,0,64,B,0.00072008383,val,r1_f0,SwinT
dataT/healthy/healthy_432.jpg,0,64,B,0.00053057075,val,r1_f0,SwinT
dataT/healthy/healthy_433.jpg,0,64,B,0.05757585,val,r1_f0,SwinT
dataT/healthy/healthy_434.jpg,0,64,B,3.9942646e-05,val,r1_f0,SwinT
dataT/healthy/healthy_435.jpg,0,64,B,3.808193e-05,val,r1_f0,SwinT
dataT/healthy/healthy_437.jpg,0,64,B,2.6439235e-05,val,r1_f0,SwinT
dataT/healthy/healthy_438.jpg,0,64,B,1.1935819e-05,val,r1_f0,SwinT
dataT/healthy/healthy_439.jpg,0,64,B,0.0054331617,val,r1_f0,SwinT
dataT/healthy/healthy_440.jpg,0,64,B,0.00037352776,val,r1_f0,SwinT
dataT/healthy/healthy_441.jpg,0,64,B,0.0018258544,val,r1_f0,SwinT
dataT/healthy/healthy_442.jpg,0,64,B,9.397306e-05,val,r1_f0,SwinT
dataT/healthy/healthy_443.jpg,0,64,B,1.6398351e-05,val,r1_f0,SwinT
dataT/healthy/healthy_444.jpg,0,64,B,0.0011606136,val,r1_f0,SwinT
dataT/healthy/healthy_445.jpg,0,64,B,4.1839057e-06,val,r1_f0,SwinT
dataT/healthy/healthy_446.jpg,0,64,B,0.0011881653,val,r1_f0,SwinT
dataT/healthy/healthy_449.jpg,0,64,B,0.0009041047,val,r1_f0,SwinT
dataT/healthy/healthy_469.jpg,0,1075,B,0.025243487,val,r1_f0,SwinT
dataT/healthy/healthy_601.jpg,0,1159,B,0.00054986955,val,r1_f0,SwinT
dataT/healthy/healthy_602.jpg,0,1130,B,0.00015325741,val,r1_f0,SwinT
dataT/healthy/healthy_604.jpg,0,1159,B,0.025416978,val,r1_f0,SwinT
dataT/healthy/healthy_605.jpg,0,1159,B,0.014446923,val,r1_f0,SwinT
dataT/healthy/healthy_606.jpg,0,1159,B,4.0418392e-05,val,r1_f0,SwinT
dataT/healthy/healthy_607.jpg,0,1159,B,1.1344357e-05,val,r1_f0,SwinT
dataT/healthy/healthy_608.jpg,0,1159,B,0.0009876569,val,r1_f0,SwinT
dataT/healthy/healthy_609.jpg,0,1159,B,5.7828897e-06,val,r1_f0,SwinT
dataT/healthy/healthy_610.jpg,0,1159,B,3.9838378e-05,val,r1_f0,SwinT
dataT/healthy/healthy_611.jpg,0,1159,B,0.0016235034,val,r1_f0,SwinT
dataT/healthy/healthy_612.jpg,0,1159,B,3.4838242e-05,val,r1_f0,SwinT
dataT/healthy/healthy_613.jpg,0,1159,B,1.06621455e-05,val,r1_f0,SwinT
dataT/healthy/healthy_614.jpg,0,1159,A,0.0044142315,val,r1_f0,SwinT
dataT/healthy/healthy_615.jpg,0,1159,B,0.00015181255,val,r1_f0,SwinT
dataT/healthy/healthy_617.jpg,0,1159,B,0.00014691071,val,r1_f0,SwinT
dataT/healthy/healthy_618.jpg,0,1159,B,0.00034915787,val,r1_f0,SwinT
dataT/healthy/healthy_620.jpg,0,1159,B,0.00010002555,val,r1_f0,SwinT
dataT/healthy/healthy_621.jpg,0,1159,B,5.476751e-06,val,r1_f0,SwinT
dataT/healthy/healthy_623.jpg,0,1159,B,0.00017461725,val,r1_f0,SwinT
dataT/healthy/healthy_624.jpg,0,1159,B,1.1588816e-05,val,r1_f0,SwinT
dataT/healthy/healthy_625.jpg,0,1159,A,0.0007010893,val,r1_f0,SwinT
dataT/healthy/healthy_626.jpg,0,1159,B,4.1623002e-06,val,r1_f0,SwinT
dataT/healthy/healthy_627.jpg,0,1159,B,1.1443063e-06,val,r1_f0,SwinT
dataT/healthy/healthy_628.jpg,0,1159,B,0.00011052103,val,r1_f0,SwinT
dataT/healthy/healthy_629.jpg,0,1159,B,0.0022881965,val,r1_f0,SwinT
dataT/healthy/healthy_630.jpg,0,1159,B,0.0011413369,val,r1_f0,SwinT
dataT/healthy/healthy_631.jpg,0,1159,B,0.0025129572,val,r1_f0,SwinT
dataT/healthy/healthy_632.jpg,0,1159,B,4.0618394e-05,val,r1_f0,SwinT
dataT/healthy/healthy_634.jpg,0,1159,B,8.1768536e-05,val,r1_f0,SwinT
dataT/healthy/healthy_663.jpg,0,1197,B,9.351501e-05,val,r1_f0,SwinT
dataT/healthy/healthy_692.jpg,0,1229,A,0.00051972654,val,r1_f0,SwinT
dataT/pod_rot_black/black_pod_rot_11.jpg,1,1280,A,0.86480993,val,r1_f0,SwinT
dataT/pod_rot_black/black_pod_rot_110.jpg,1,1281,A,0.9999925,val,r1_f0,SwinT
dataT/pod_rot_black/black_pod_rot_113.jpg,1,1281,A,0.9993499,val,r1_f0,SwinT
dataT/pod_rot_black/black_pod_rot_119.jpg,1,1281,A,0.99903,val,r1_f0,SwinT
dataT/pod_rot_black/black_pod_rot_121.jpg,1,1281,A,0.99991965,val,r1_f0,SwinT
dataT/pod_rot_black/black_pod_rot_122.jpg,1,1281,A,0.9999721,val,r1_f0,SwinT
dataT/pod_rot_black/black_pod_rot_132.jpg,1,1305,A,0.9986889,val,r1_f0,SwinT
dataT/pod_rot_black/black_pod_rot_149.jpg,1,1323,A,0.9999577,val,r1_f0,SwinT
dataT/pod_rot_black/black_pod_rot_169.jpg,1,1345,A,0.9998406,val,r1_f0,SwinT
dataT/pod_rot_black/black_pod_rot_175.jpg,1,1352,A,0.9994777,val,r1_f0,SwinT
dataT/pod_rot_black/black_pod_rot_176.jpg,1,1352,A,0.99996924,val,r1_f0,SwinT
dataT/pod_rot_black/black_pod_rot_177.jpg,1,1352,A,0.99660444,val,r1_f0,SwinT
dataT/pod_rot_black/black_pod_rot_179.jpg,1,1352,A,0.9988422,val,r1_f0,SwinT
dataT/pod_rot_black/black_pod_rot_180.jpg,1,1352,A,0.99911195,val,r1_f0,SwinT
dataT/pod_rot_black/black_pod_rot_181.jpg,1,1352,A,0.9667489,val,r1_f0,SwinT
dataT/pod_rot_black/black_pod_rot_191.jpg,1,1370,A,0.99961925,val,r1_f0,SwinT
dataT/pod_rot_black/black_pod_rot_200.jpg,1,1381,A,0.9999341,val,r1_f0,SwinT
dataT/pod_rot_black/black_pod_rot_225.jpg,1,1408,A,0.9933316,val,r1_f0,SwinT
dataT/pod_rot_black/black_pod_rot_227.jpg,1,1410,A,0.99973327,val,r1_f0,SwinT
dataT/pod_rot_black/black_pod_rot_229.jpg,1,1410,A,0.99991083,val,r1_f0,SwinT
dataT/pod_rot_black/black_pod_rot_245.jpg,1,1430,A,0.99995005,val,r1_f0,SwinT
dataT/pod_rot_black/black_pod_rot_256.jpg,1,1485,A,0.9898066,val,r1_f0,SwinT
dataT/pod_rot_black/black_pod_rot_257.jpg,1,1485,A,0.9999869,val,r1_f0,SwinT
dataT/pod_rot_black/black_pod_rot_258.jpg,1,1485,A,0.9999937,val,r1_f0,SwinT
dataT/pod_rot_black/black_pod_rot_259.jpg,1,1485,A,0.99988186,val,r1_f0,SwinT
dataT/pod_rot_black/black_pod_rot_260.jpg,1,1447,A,0.9996859,val,r1_f0,SwinT
dataT/pod_rot_black/black_pod_rot_261.jpg,1,1447,A,0.99668497,val,r1_f0,SwinT
dataT/pod_rot_black/black_pod_rot_262.jpg,1,1447,A,0.9999713,val,r1_f0,SwinT
dataT/pod_rot_black/black_pod_rot_288.jpg,1,1477,A,0.9907177,val,r1_f0,SwinT
dataT/pod_rot_black/black_pod_rot_295.jpg,1,1485,A,0.9983827,val,r1_f0,SwinT
dataT/pod_rot_black/black_pod_rot_296.jpg,1,1485,A,0.9999571,val,r1_f0,SwinT
dataT/pod_rot_black/black_pod_rot_297.jpg,1,1485,A,0.9999789,val,r1_f0,SwinT
dataT/pod_rot_black/black_pod_rot_321.jpg,1,1515,A,0.9999962,val,r1_f0,SwinT
dataT/pod_rot_black/black_pod_rot_338.jpg,1,1533,A,0.9999908,val,r1_f0,SwinT
dataT/pod_rot_black/black_pod_rot_347.jpg,1,1543,A,0.99763715,val,r1_f0,SwinT
dataT/pod_rot_black/black_pod_rot_35.jpg,1,1546,A,0.99099356,val,r1_f0,SwinT
dataT/pod_rot_black/black_pod_rot_378.jpg,1,1577,A,0.99683964,val,r1_f0,SwinT
dataT/pod_rot_black/black_pod_rot_380.jpg,1,1577,A,0.8751871,val,r1_f0,SwinT
dataT/pod_rot_black/black_pod_rot_402.jpg,1,1605,A,0.99690765,val,r1_f0,SwinT
dataT/pod_rot_black/black_pod_rot_419.jpg,1,1623,A,0.9999106,val,r1_f0,SwinT
dataT/pod_rot_black/black_pod_rot_432.jpg,1,1638,A,0.9227134,val,r1_f0,SwinT
dataT/pod_rot_black/black_pod_rot_440.jpg,1,1647,A,0.9999821,val,r1_f0,SwinT
dataT/pod_rot_black/black_pod_rot_468.jpg,1,1677,A,0.99944586,val,r1_f0,SwinT
dataT/pod_rot_black/black_pod_rot_469.jpg,1,1678,A,0.5016371,val,r1_f0,SwinT
dataT/pod_rot_black/black_pod_rot_470.jpg,1,1678,A,0.9951674,val,r1_f0,SwinT
dataT/pod_rot_black/black_pod_rot_487.jpg,1,1698,A,0.9999645,val,r1_f0,SwinT
dataT/pod_rot_black/black_pod_rot_499.jpg,1,1711,A,0.9999318,val,r1_f0,SwinT
dataT/pod_rot_black/black_pod_rot_500.jpg,1,1711,A,0.99795794,val,r1_f0,SwinT
dataT/pod_rot_black/black_pod_rot_501.jpg,1,1711,A,0.9999888,val,r1_f0,SwinT
dataT/pod_rot_black/black_pod_rot_502.jpg,1,1711,A,0.9908834,val,r1_f0,SwinT
dataT/pod_rot_black/black_pod_rot_503.jpg,1,1711,A,0.999579,val,r1_f0,SwinT
dataT/pod_rot_black/black_pod_rot_504.jpg,1,1711,A,0.99983716,val,r1_f0,SwinT
dataT/pod_rot_black/black_pod_rot_505.jpg,1,1711,A,0.9998266,val,r1_f0,SwinT
dataT/pod_rot_black/black_pod_rot_506.jpg,1,1711,A,0.9998995,val,r1_f0,SwinT
dataT/pod_rot_black/black_pod_rot_508.jpg,1,1711,A,0.99984396,val,r1_f0,SwinT
dataT/pod_rot_black/black_pod_rot_509.jpg,1,1711,A,0.99996376,val,r1_f0,SwinT
dataT/pod_rot_black/black_pod_rot_510.jpg,1,1711,A,0.98803115,val,r1_f0,SwinT
dataT/pod_rot_black/black_pod_rot_511.jpg,1,1711,A,0.99539715,val,r1_f0,SwinT
dataT/pod_rot_black/black_pod_rot_512.jpg,1,1711,A,0.7929199,val,r1_f0,SwinT
dataT/pod_rot_black/black_pod_rot_513.jpg,1,1711,A,0.9994437,val,r1_f0,SwinT
dataT/pod_rot_black/black_pod_rot_526.jpg,1,1742,A,0.9999765,val,r1_f0,SwinT
dataT/pod_rot_black/black_pod_rot_541.jpg,1,1759,A,0.99998295,val,r1_f0,SwinT
dataT/pod_rot_black/black_pod_rot_549.jpg,1,1647,A,0.9999815,val,r1_f0,SwinT
dataT/pod_rot_black/black_pod_rot_574.jpg,1,1795,A,0.999984,val,r1_f0,SwinT
dataT/pod_rot_black/black_pod_rot_576.jpg,1,1797,A,0.99489295,val,r1_f0,SwinT
dataT/pod_rot_black/black_pod_rot_577.jpg,1,1797,A,0.9999349,val,r1_f0,SwinT
dataT/pod_rot_black/black_pod_rot_578.jpg,1,1797,A,0.99998784,val,r1_f0,SwinT
dataT/pod_rot_black/black_pod_rot_614.jpg,1,1840,A,0.9997086,val,r1_f0,SwinT
dataT/pod_rot_black/black_pod_rot_621.jpg,1,1848,A,0.9999795,val,r1_f0,SwinT
dataT/pod_rot_black/black_pod_rot_632.jpg,1,1860,A,0.9982919,val,r1_f0,SwinT
dataT/pod_rot_black/black_pod_rot_638.jpg,1,1866,A,0.99994934,val,r1_f0,SwinT
dataT/pod_rot_black/black_pod_rot_655.jpg,1,1885,A,0.9999511,val,r1_f0,SwinT
dataT/pod_rot_black/black_pod_rot_656.jpg,1,1886,A,0.9999945,val,r1_f0,SwinT
dataT/pod_rot_black/black_pod_rot_676.jpg,1,1909,A,0.9999777,val,r1_f0,SwinT
dataT/pod_rot_black/black_pod_rot_677.jpg,1,1909,A,0.999959,val,r1_f0,SwinT
dataT/pod_rot_black/black_pod_rot_678.jpg,1,1909,A,0.9999943,val,r1_f0,SwinT
dataT/pod_rot_black/black_pod_rot_684.jpg,1,1917,A,0.98879087,val,r1_f0,SwinT
dataT/pod_rot_black/black_pod_rot_694.jpg,1,1928,A,0.9999335,val,r1_f0,SwinT
dataT/pod_rot_black/black_pod_rot_704.jpg,1,1940,A,0.999982,val,r1_f0,SwinT
dataT/pod_rot_black/black_pod_rot_705.jpg,1,1940,A,0.99991846,val,r1_f0,SwinT
dataT/pod_rot_black/black_pod_rot_707.jpg,1,1940,A,0.99998105,val,r1_f0,SwinT
dataT/pod_rot_black/black_pod_rot_718.jpg,1,1955,A,0.99997866,val,r1_f0,SwinT
dataT/pod_rot_black/black_pod_rot_730.jpg,1,1969,A,0.9999194,val,r1_f0,SwinT
dataT/pod_rot_black/black_pod_rot_779.jpg,1,2022,A,0.9999372,val,r1_f0,SwinT
dataT/pod_rot_black/black_pod_rot_785.jpg,1,1711,A,0.9991135,val,r1_f0,SwinT
dataT/pod_rot_black/black_pod_rot_786.jpg,1,1711,A,0.9998024,val,r1_f0,SwinT
dataT/pod_rot_black/black_pod_rot_787.jpg,1,1711,A,0.9998541,val,r1_f0,SwinT
dataT/pod_rot_black/black_pod_rot_788.jpg,1,1711,A,0.9999616,val,r1_f0,SwinT
dataT/pod_rot_black/black_pod_rot_790.jpg,1,1711,A,0.9997466,val,r1_f0,SwinT
dataT/pod_rot_black/black_pod_rot_792.jpg,1,1711,A,0.71094036,val,r1_f0,SwinT
dataT/pod_rot_black/black_pod_rot_793.jpg,1,1711,A,0.99998105,val,r1_f0,SwinT
dataT/pod_rot_black/black_pod_rot_795.jpg,1,1711,A,0.99960595,val,r1_f0,SwinT
dataT/pod_rot_black/black_pod_rot_80.jpg,1,2046,A,0.99858344,val,r1_f0,SwinT
dataT/pod_rot_black/black_pod_rot_801.jpg,1,2048,A,0.99996006,val,r1_f0,SwinT
dataT/pod_rot_black/black_pod_rot_813.jpg,1,2062,A,0.9999528,val,r1_f0,SwinT
dataT/pod_rot_black/black_pod_rot_814.jpg,1,2062,A,0.9997404,val,r1_f0,SwinT
dataT/pod_rot_black/black_pod_rot_816.jpg,1,2062,A,0.99989986,val,r1_f0,SwinT
dataT/pod_rot_black/black_pod_rot_817.jpg,1,2062,A,0.9996519,val,r1_f0,SwinT
dataT/pod_rot_black/black_pod_rot_824.jpg,1,2073,A,0.9996648,val,r1_f0,SwinT
dataT/pod_rot_black/black_pod_rot_833.jpg,1,2083,A,0.9993482,val,r1_f0,SwinT
dataT/pod_rot_black/black_pod_rot_866.jpg,1,2119,A,0.99984705,val,r1_f0,SwinT
dataT/pod_rot_black/black_pod_rot_882.jpg,1,2137,A,0.99981815,val,r1_f0,SwinT
dataT/pod_rot_black/black_pod_rot_894.jpg,1,2150,A,0.99330646,val,r1_f0,SwinT
dataT/pod_rot_black/black_pod_rot_895.jpg,1,2150,A,0.10490596,val,r1_f0,SwinT
dataT/pod_rot_black/black_pod_rot_906.jpg,1,2164,A,0.9992849,val,r1_f0,SwinT
dataT/pod_rot_black/black_pod_rot_908.jpg,1,2166,A,0.9999968,val,r1_f0,SwinT
dataT/pod_rot_black/black_pod_rot_928.jpg,1,2188,A,0.5399574,val,r1_f0,SwinT
dataT/pod_rot_black/black_pod_rot_934.jpg,1,2195,A,0.9997609,val,r1_f0,SwinT
dataT/pod_rot_black/black_pod_rot_935.jpg,1,2195,A,0.9955147,val,r1_f0,SwinT
dataT/pod_rot_black/black_pod_rot_936.jpg,1,2195,A,0.7093076,val,r1_f0,SwinT
dataT/healthy/healthy_1.jpg,0,238,A,0.00077049615,test,r1_f0,SwinT
dataT/healthy/healthy_10.jpg,0,238,A,0.00018304917,test,r1_f0,SwinT
dataT/healthy/healthy_1009.jpg,0,3,B,0.00012575171,test,r1_f0,SwinT
dataT/healthy/healthy_1058.jpg,0,57,A,5.8869893e-05,test,r1_f0,SwinT
dataT/healthy/healthy_11.jpg,0,238,A,6.4968226e-05,test,r1_f0,SwinT
dataT/healthy/healthy_1166.jpg,0,121,B,0.00010920337,test,r1_f0,SwinT
dataT/healthy/healthy_1167.jpg,0,121,B,0.0072228513,test,r1_f0,SwinT
dataT/healthy/healthy_1168.jpg,0,121,B,0.022652593,test,r1_f0,SwinT
dataT/healthy/healthy_1169.jpg,0,121,B,0.0010253062,test,r1_f0,SwinT
dataT/healthy/healthy_1189.jpg,0,144,B,0.00018388782,test,r1_f0,SwinT
dataT/healthy/healthy_12.jpg,0,238,A,0.0047565834,test,r1_f0,SwinT
dataT/healthy/healthy_13.jpg,0,238,A,9.757551e-06,test,r1_f0,SwinT
dataT/healthy/healthy_14.jpg,0,238,A,0.0009493311,test,r1_f0,SwinT
dataT/healthy/healthy_1411.jpg,0,238,A,4.1432126e-05,test,r1_f0,SwinT
dataT/healthy/healthy_1413.jpg,0,238,A,5.3666845e-06,test,r1_f0,SwinT
dataT/healthy/healthy_1415.jpg,0,238,A,4.419914e-05,test,r1_f0,SwinT
dataT/healthy/healthy_1425.jpg,0,252,A,0.00096679304,test,r1_f0,SwinT
dataT/healthy/healthy_1426.jpg,0,253,A,0.002394282,test,r1_f0,SwinT
dataT/healthy/healthy_1457.jpg,0,283,A,0.0005151353,test,r1_f0,SwinT
dataT/healthy/healthy_1462.jpg,0,288,A,1.6646689e-05,test,r1_f0,SwinT
dataT/healthy/healthy_15.jpg,0,238,A,0.0029595613,test,r1_f0,SwinT
dataT/healthy/healthy_1522.jpg,0,349,A,8.547625e-05,test,r1_f0,SwinT
dataT/healthy/healthy_1547.jpg,0,374,A,0.0006343594,test,r1_f0,SwinT
dataT/healthy/healthy_16.jpg,0,238,A,6.780742e-05,test,r1_f0,SwinT
dataT/healthy/healthy_1640.jpg,0,420,A,0.007768827,test,r1_f0,SwinT
dataT/healthy/healthy_1642.jpg,0,420,A,0.00017041946,test,r1_f0,SwinT
dataT/healthy/healthy_1643.jpg,0,420,A,0.0002985246,test,r1_f0,SwinT
dataT/healthy/healthy_1644.jpg,0,420,A,0.0003244603,test,r1_f0,SwinT
dataT/healthy/healthy_1647.jpg,0,420,A,0.00041627084,test,r1_f0,SwinT
dataT/healthy/healthy_17.jpg,0,238,A,4.227337e-05,test,r1_f0,SwinT
dataT/healthy/healthy_18.jpg,0,238,A,3.112043e-05,test,r1_f0,SwinT
dataT/healthy/healthy_19.jpg,0,238,A,3.1366086e-05,test,r1_f0,SwinT
dataT/healthy/healthy_197.jpg,0,238,A,0.0027637214,test,r1_f0,SwinT
dataT/healthy/healthy_199.jpg,0,238,A,0.0011659191,test,r1_f0,SwinT
dataT/healthy/healthy_20.jpg,0,238,A,1.5678406e-05,test,r1_f0,SwinT
dataT/healthy/healthy_201.jpg,0,238,A,5.6226447e-05,test,r1_f0,SwinT
dataT/healthy/healthy_202.jpg,0,470,A,0.0038801983,test,r1_f0,SwinT
dataT/healthy/healthy_203.jpg,0,238,A,9.336709e-05,test,r1_f0,SwinT
dataT/healthy/healthy_204.jpg,0,238,A,0.00011334252,test,r1_f0,SwinT
dataT/healthy/healthy_205.jpg,0,238,A,0.00010937093,test,r1_f0,SwinT
dataT/healthy/healthy_206.jpg,0,238,A,0.00016538762,test,r1_f0,SwinT
dataT/healthy/healthy_207.jpg,0,238,A,1.4645734e-05,test,r1_f0,SwinT
dataT/healthy/healthy_208.jpg,0,238,A,0.24344228,test,r1_f0,SwinT
dataT/healthy/healthy_209.jpg,0,238,A,4.3327258e-05,test,r1_f0,SwinT
dataT/healthy/healthy_21.jpg,0,238,A,0.0001499546,test,r1_f0,SwinT
dataT/healthy/healthy_210.jpg,0,238,A,0.00020030832,test,r1_f0,SwinT
dataT/healthy/healthy_2108.jpg,0,536,A,0.00069649843,test,r1_f0,SwinT
dataT/healthy/healthy_211.jpg,0,238,A,1.6012955e-06,test,r1_f0,SwinT
dataT/healthy/healthy_2113.jpg,0,542,A,0.00019668703,test,r1_f0,SwinT
dataT/healthy/healthy_212.jpg,0,238,A,1.2521347e-05,test,r1_f0,SwinT
dataT/healthy/healthy_2122.jpg,0,238,A,0.00043461603,test,r1_f0,SwinT
dataT/healthy/healthy_2126.jpg,0,542,A,0.00023234941,test,r1_f0,SwinT
dataT/healthy/healthy_213.jpg,0,238,A,1.40164975e-05,test,r1_f0,SwinT
dataT/healthy/healthy_218.jpg,0,238,A,0.0002197247,test,r1_f0,SwinT
dataT/healthy/healthy_22.jpg,0,238,A,0.0010410636,test,r1_f0,SwinT
dataT/healthy/healthy_221.jpg,0,238,A,0.05637229,test,r1_f0,SwinT
dataT/healthy/healthy_222.jpg,0,238,A,5.127265e-06,test,r1_f0,SwinT
dataT/healthy/healthy_225.jpg,0,238,A,4.0766827e-05,test,r1_f0,SwinT
dataT/healthy/healthy_226.jpg,0,238,A,8.672184e-06,test,r1_f0,SwinT
dataT/healthy/healthy_228.jpg,0,238,A,0.00023406326,test,r1_f0,SwinT
dataT/healthy/healthy_229.jpg,0,238,A,2.2029639e-05,test,r1_f0,SwinT
dataT/healthy/healthy_23.jpg,0,238,A,0.003632592,test,r1_f0,SwinT
dataT/healthy/healthy_230.jpg,0,238,A,3.3166107e-06,test,r1_f0,SwinT
dataT/healthy/healthy_231.jpg,0,238,A,1.259045e-05,test,r1_f0,SwinT
dataT/healthy/healthy_232.jpg,0,238,A,0.03486296,test,r1_f0,SwinT
dataT/healthy/healthy_233.jpg,0,238,A,0.0009994342,test,r1_f0,SwinT
dataT/healthy/healthy_234.jpg,0,238,A,0.00077636953,test,r1_f0,SwinT
dataT/healthy/healthy_239.jpg,0,238,A,0.113163285,test,r1_f0,SwinT
dataT/healthy/healthy_24.jpg,0,238,A,0.0024197395,test,r1_f0,SwinT
dataT/healthy/healthy_240.jpg,0,238,A,0.0005967888,test,r1_f0,SwinT
dataT/healthy/healthy_241.jpg,0,238,A,0.00328865,test,r1_f0,SwinT
dataT/healthy/healthy_242.jpg,0,238,A,0.0010210206,test,r1_f0,SwinT
dataT/healthy/healthy_243.jpg,0,238,A,1.3146451e-05,test,r1_f0,SwinT
dataT/healthy/healthy_244.jpg,0,238,A,0.002377901,test,r1_f0,SwinT
dataT/healthy/healthy_245.jpg,0,238,A,0.00023020954,test,r1_f0,SwinT
dataT/healthy/healthy_246.jpg,0,238,A,4.7193444e-05,test,r1_f0,SwinT
dataT/healthy/healthy_247.jpg,0,238,A,8.2572515e-06,test,r1_f0,SwinT
dataT/healthy/healthy_249.jpg,0,238,A,0.00065564516,test,r1_f0,SwinT
dataT/healthy/healthy_2496.jpg,0,642,A,0.0012973296,test,r1_f0,SwinT
dataT/healthy/healthy_2497.jpg,0,238,A,0.0052415854,test,r1_f0,SwinT
dataT/healthy/healthy_2498.jpg,0,238,A,0.0070226565,test,r1_f0,SwinT
dataT/healthy/healthy_2499.jpg,0,238,A,0.0011114236,test,r1_f0,SwinT
dataT/healthy/healthy_25.jpg,0,238,A,9.5828145e-06,test,r1_f0,SwinT
dataT/healthy/healthy_250.jpg,0,238,A,0.000121265315,test,r1_f0,SwinT
dataT/healthy/healthy_2500.jpg,0,238,A,1.0989418e-05,test,r1_f0,SwinT
dataT/healthy/healthy_2502.jpg,0,238,A,0.00047443577,test,r1_f0,SwinT
dataT/healthy/healthy_2503.jpg,0,238,A,0.0005135562,test,r1_f0,SwinT
dataT/healthy/healthy_2504.jpg,0,238,A,2.7006643e-05,test,r1_f0,SwinT
dataT/healthy/healthy_2505.jpg,0,238,A,1.5035413e-05,test,r1_f0,SwinT
dataT/healthy/healthy_2506.jpg,0,238,A,0.00035283866,test,r1_f0,SwinT
dataT/healthy/healthy_2507.jpg,0,238,A,4.3837714e-05,test,r1_f0,SwinT
dataT/healthy/healthy_2509.jpg,0,238,A,0.0001389914,test,r1_f0,SwinT
dataT/healthy/healthy_251.jpg,0,238,A,0.07621266,test,r1_f0,SwinT
dataT/healthy/healthy_2510.jpg,0,238,A,0.00014032214,test,r1_f0,SwinT
dataT/healthy/healthy_2511.jpg,0,238,A,0.0040072333,test,r1_f0,SwinT
dataT/healthy/healthy_2513.jpg,0,238,A,0.0007005629,test,r1_f0,SwinT
dataT/healthy/healthy_2514.jpg,0,238,A,0.19446437,test,r1_f0,SwinT
dataT/healthy/healthy_2515.jpg,0,238,A,0.24509306,test,r1_f0,SwinT
dataT/healthy/healthy_2516.jpg,0,238,A,0.0019745305,test,r1_f0,SwinT
dataT/healthy/healthy_2517.jpg,0,238,A,0.00015037556,test,r1_f0,SwinT
dataT/healthy/healthy_2518.jpg,0,238,A,1.9387797e-05,test,r1_f0,SwinT
dataT/healthy/healthy_2519.jpg,0,238,A,7.2842595e-05,test,r1_f0,SwinT
dataT/healthy/healthy_252.jpg,0,669,A,0.60256964,test,r1_f0,SwinT
dataT/healthy/healthy_254.jpg,0,238,A,0.00032047115,test,r1_f0,SwinT
dataT/healthy/healthy_255.jpg,0,238,A,0.002249987,test,r1_f0,SwinT
dataT/healthy/healthy_2556.jpg,0,238,A,0.0010473431,test,r1_f0,SwinT
dataT/healthy/healthy_2558.jpg,0,238,A,0.00042849264,test,r1_f0,SwinT
dataT/healthy/healthy_2559.jpg,0,238,A,0.00025197136,test,r1_f0,SwinT
dataT/healthy/healthy_256.jpg,0,238,A,0.000105277366,test,r1_f0,SwinT
dataT/healthy/healthy_2560.jpg,0,238,A,0.00032298814,test,r1_f0,SwinT
dataT/healthy/healthy_2561.jpg,0,238,A,0.0002222563,test,r1_f0,SwinT
dataT/healthy/healthy_2562.jpg,0,238,A,2.784685e-05,test,r1_f0,SwinT
dataT/healthy/healthy_2563.jpg,0,238,A,1.4102307e-05,test,r1_f0,SwinT
dataT/healthy/healthy_2564.jpg,0,238,A,1.932435e-06,test,r1_f0,SwinT
dataT/healthy/healthy_2565.jpg,0,238,A,0.00019032219,test,r1_f0,SwinT
dataT/healthy/healthy_2566.jpg,0,238,A,0.00010798333,test,r1_f0,SwinT
dataT/healthy/healthy_2567.jpg,0,238,A,2.3237351e-05,test,r1_f0,SwinT
dataT/healthy/healthy_2568.jpg,0,238,A,2.8342827e-06,test,r1_f0,SwinT
dataT/healthy/healthy_2569.jpg,0,238,A,9.383229e-06,test,r1_f0,SwinT
dataT/healthy/healthy_257.jpg,0,238,A,4.7418333e-05,test,r1_f0,SwinT
dataT/healthy/healthy_2570.jpg,0,238,A,0.00032743227,test,r1_f0,SwinT
dataT/healthy/healthy_2571.jpg,0,238,A,0.00043169057,test,r1_f0,SwinT
dataT/healthy/healthy_2572.jpg,0,238,A,6.7103365e-06,test,r1_f0,SwinT
dataT/healthy/healthy_2573.jpg,0,238,A,7.115912e-05,test,r1_f0,SwinT
dataT/healthy/healthy_2574.jpg,0,238,A,3.0718096e-05,test,r1_f0,SwinT
dataT/healthy/healthy_2575.jpg,0,238,A,3.8201742e-05,test,r1_f0,SwinT
dataT/healthy/healthy_2576.jpg,0,238,A,3.849834e-06,test,r1_f0,SwinT
dataT/healthy/healthy_2577.jpg,0,238,A,0.013172503,test,r1_f0,SwinT
dataT/healthy/healthy_2578.jpg,0,238,A,0.00023296654,test,r1_f0,SwinT
dataT/healthy/healthy_2579.jpg,0,238,A,0.00014242847,test,r1_f0,SwinT
dataT/healthy/healthy_258.jpg,0,238,A,0.00031365143,test,r1_f0,SwinT
dataT/healthy/healthy_2580.jpg,0,238,A,0.00011229886,test,r1_f0,SwinT
dataT/healthy/healthy_2581.jpg,0,238,A,0.0017532787,test,r1_f0,SwinT
dataT/healthy/healthy_2582.jpg,0,238,A,0.0077591226,test,r1_f0,SwinT
dataT/healthy/healthy_2583.jpg,0,238,A,0.0024982425,test,r1_f0,SwinT
dataT/healthy/healthy_2584.jpg,0,238,A,0.010770683,test,r1_f0,SwinT
dataT/healthy/healthy_2585.jpg,0,238,A,5.7911122e-05,test,r1_f0,SwinT
dataT/healthy/healthy_2586.jpg,0,238,A,0.00013723549,test,r1_f0,SwinT
dataT/healthy/healthy_2587.jpg,0,238,A,0.026995612,test,r1_f0,SwinT
dataT/healthy/healthy_2588.jpg,0,238,A,0.00012399507,test,r1_f0,SwinT
dataT/healthy/healthy_2589.jpg,0,238,A,9.503046e-05,test,r1_f0,SwinT
dataT/healthy/healthy_259.jpg,0,238,A,3.139191e-05,test,r1_f0,SwinT
dataT/healthy/healthy_2590.jpg,0,238,A,0.00022687328,test,r1_f0,SwinT
dataT/healthy/healthy_2591.jpg,0,238,A,1.5317792e-05,test,r1_f0,SwinT
dataT/healthy/healthy_2592.jpg,0,238,A,8.497221e-05,test,r1_f0,SwinT
dataT/healthy/healthy_2593.jpg,0,238,A,0.0008988981,test,r1_f0,SwinT
dataT/healthy/healthy_2594.jpg,0,238,A,0.00013220285,test,r1_f0,SwinT
dataT/healthy/healthy_2595.jpg,0,238,A,3.9587703e-05,test,r1_f0,SwinT
dataT/healthy/healthy_2596.jpg,0,238,A,0.00014380978,test,r1_f0,SwinT
dataT/healthy/healthy_2598.jpg,0,238,A,0.021687973,test,r1_f0,SwinT
dataT/healthy/healthy_26.jpg,0,238,A,7.854332e-06,test,r1_f0,SwinT
dataT/healthy/healthy_260.jpg,0,238,A,0.00044688667,test,r1_f0,SwinT
dataT/healthy/healthy_2600.jpg,0,238,A,6.5062463e-06,test,r1_f0,SwinT
dataT/healthy/healthy_2601.jpg,0,238,A,1.0894991e-05,test,r1_f0,SwinT
dataT/healthy/healthy_2602.jpg,0,238,A,0.000558373,test,r1_f0,SwinT
dataT/healthy/healthy_2603.jpg,0,238,A,6.3691878e-06,test,r1_f0,SwinT
dataT/healthy/healthy_2604.jpg,0,238,A,1.8110206e-05,test,r1_f0,SwinT
dataT/healthy/healthy_2605.jpg,0,238,A,2.3953484e-05,test,r1_f0,SwinT
dataT/healthy/healthy_2606.jpg,0,238,A,0.0072250604,test,r1_f0,SwinT
dataT/healthy/healthy_2607.jpg,0,238,A,7.655412e-05,test,r1_f0,SwinT
dataT/healthy/healthy_2608.jpg,0,238,A,0.00045944948,test,r1_f0,SwinT
dataT/healthy/healthy_261.jpg,0,238,A,0.012008244,test,r1_f0,SwinT
dataT/healthy/healthy_2610.jpg,0,238,A,5.8956302e-05,test,r1_f0,SwinT
dataT/healthy/healthy_2611.jpg,0,238,A,8.9474495e-05,test,r1_f0,SwinT
dataT/healthy/healthy_2612.jpg,0,238,A,0.0002092892,test,r1_f0,SwinT
dataT/healthy/healthy_2613.jpg,0,238,A,3.9808034e-05,test,r1_f0,SwinT
dataT/healthy/healthy_2614.jpg,0,238,A,5.6381406e-05,test,r1_f0,SwinT
dataT/healthy/healthy_2615.jpg,0,238,A,2.1066888e-05,test,r1_f0,SwinT
dataT/healthy/healthy_2616.jpg,0,238,A,7.5543117e-06,test,r1_f0,SwinT
dataT/healthy/healthy_2617.jpg,0,238,A,4.0794945e-05,test,r1_f0,SwinT
dataT/healthy/healthy_2618.jpg,0,238,A,0.012231073,test,r1_f0,SwinT
dataT/healthy/healthy_2619.jpg,0,238,A,0.006152975,test,r1_f0,SwinT
dataT/healthy/healthy_262.jpg,0,238,A,1.87528e-05,test,r1_f0,SwinT
dataT/healthy/healthy_2620.jpg,0,238,A,7.935236e-05,test,r1_f0,SwinT
dataT/healthy/healthy_2621.jpg,0,238,A,4.397933e-05,test,r1_f0,SwinT
dataT/healthy/healthy_2622.jpg,0,238,A,0.00087870314,test,r1_f0,SwinT
dataT/healthy/healthy_2623.jpg,0,238,A,5.0717357e-05,test,r1_f0,SwinT
dataT/healthy/healthy_2624.jpg,0,238,A,0.00051794446,test,r1_f0,SwinT
dataT/healthy/healthy_2625.jpg,0,238,A,0.0012937259,test,r1_f0,SwinT
dataT/healthy/healthy_2627.jpg,0,238,A,0.00010629063,test,r1_f0,SwinT
dataT/healthy/healthy_2628.jpg,0,238,A,5.465293e-05,test,r1_f0,SwinT
dataT/healthy/healthy_2629.jpg,0,238,A,0.0031284958,test,r1_f0,SwinT
dataT/healthy/healthy_263.jpg,0,238,A,0.0011658375,test,r1_f0,SwinT
dataT/healthy/healthy_2630.jpg,0,238,A,4.727646e-05,test,r1_f0,SwinT
dataT/healthy/healthy_2631.jpg,0,238,A,3.1755728e-05,test,r1_f0,SwinT
dataT/healthy/healthy_2632.jpg,0,238,A,1.8290193e-05,test,r1_f0,SwinT
dataT/healthy/healthy_2634.jpg,0,238,A,0.00029946928,test,r1_f0,SwinT
dataT/healthy/healthy_2635.jpg,0,238,A,4.2978827e-05,test,r1_f0,SwinT
dataT/healthy/healthy_2636.jpg,0,238,A,2.7208542e-05,test,r1_f0,SwinT
dataT/healthy/healthy_2637.jpg,0,238,A,7.851698e-05,test,r1_f0,SwinT
dataT/healthy/healthy_2638.jpg,0,238,A,6.0911534e-05,test,r1_f0,SwinT
dataT/healthy/healthy_2639.jpg,0,238,A,0.00035000572,test,r1_f0,SwinT
dataT/healthy/healthy_264.jpg,0,238,A,0.0955411,test,r1_f0,SwinT
dataT/healthy/healthy_2640.jpg,0,238,A,0.00018877693,test,r1_f0,SwinT
dataT/healthy/healthy_2641.jpg,0,238,A,0.00022316046,test,r1_f0,SwinT
dataT/healthy/healthy_2642.jpg,0,238,A,0.00018900604,test,r1_f0,SwinT
dataT/healthy/healthy_2643.jpg,0,238,A,0.00088032556,test,r1_f0,SwinT
dataT/healthy/healthy_2644.jpg,0,238,A,0.00073691184,test,r1_f0,SwinT
dataT/healthy/healthy_2645.jpg,0,238,A,0.0014449271,test,r1_f0,SwinT
dataT/healthy/healthy_2646.jpg,0,238,A,0.083305106,test,r1_f0,SwinT
dataT/healthy/healthy_2647.jpg,0,238,A,0.00066533795,test,r1_f0,SwinT
dataT/healthy/healthy_2648.jpg,0,238,A,0.0002944455,test,r1_f0,SwinT
dataT/healthy/healthy_2649.jpg,0,238,A,5.358052e-05,test,r1_f0,SwinT
dataT/healthy/healthy_265.jpg,0,238,A,0.00026201314,test,r1_f0,SwinT
dataT/healthy/healthy_2650.jpg,0,238,A,0.0008749057,test,r1_f0,SwinT
dataT/healthy/healthy_266.jpg,0,238,A,0.7734082,test,r1_f0,SwinT
dataT/healthy/healthy_268.jpg,0,238,A,8.2151346e-05,test,r1_f0,SwinT
dataT/healthy/healthy_269.jpg,0,238,A,0.00022950428,test,r1_f0,SwinT
dataT/healthy/healthy_27.jpg,0,238,A,0.00013281872,test,r1_f0,SwinT
dataT/healthy/healthy_271.jpg,0,238,A,0.0055043045,test,r1_f0,SwinT
dataT/healthy/healthy_272.jpg,0,238,A,0.00020082832,test,r1_f0,SwinT
dataT/healthy/healthy_273.jpg,0,238,A,5.0103714e-05,test,r1_f0,SwinT
dataT/healthy/healthy_274.jpg,0,238,A,5.8484195e-05,test,r1_f0,SwinT
dataT/healthy/healthy_275.jpg,0,238,A,7.011151e-05,test,r1_f0,SwinT
dataT/healthy/healthy_2750.jpg,0,793,A,7.791204e-05,test,r1_f0,SwinT
dataT/healthy/healthy_276.jpg,0,238,A,0.00012985352,test,r1_f0,SwinT
dataT/healthy/healthy_277.jpg,0,238,A,0.00021001762,test,r1_f0,SwinT
dataT/healthy/healthy_278.jpg,0,238,A,0.000930971,test,r1_f0,SwinT
dataT/healthy/healthy_2787.jpg,0,833,A,3.5015506e-05,test,r1_f0,SwinT
dataT/healthy/healthy_279.jpg,0,238,A,0.00011282502,test,r1_f0,SwinT
dataT/healthy/healthy_2790.jpg,0,833,A,0.00026871538,test,r1_f0,SwinT
dataT/healthy/healthy_2795.jpg,0,842,A,1.9448074e-05,test,r1_f0,SwinT
dataT/healthy/healthy_28.jpg,0,238,A,0.00023397872,test,r1_f0,SwinT
dataT/healthy/healthy_281.jpg,0,238,A,0.0004843899,test,r1_f0,SwinT
dataT/healthy/healthy_29.jpg,0,238,A,0.017020242,test,r1_f0,SwinT
dataT/healthy/healthy_3.jpg,0,238,A,9.702673e-06,test,r1_f0,SwinT
dataT/healthy/healthy_30.jpg,0,238,A,0.0009683103,test,r1_f0,SwinT
dataT/healthy/healthy_3085.jpg,0,884,A,0.009561386,test,r1_f0,SwinT
dataT/healthy/healthy_3095.jpg,0,238,A,0.028492253,test,r1_f0,SwinT
dataT/healthy/healthy_3096.jpg,0,238,A,0.001777629,test,r1_f0,SwinT
dataT/healthy/healthy_3097.jpg,0,238,A,0.018457863,test,r1_f0,SwinT
dataT/healthy/healthy_3098.jpg,0,238,A,6.917921e-05,test,r1_f0,SwinT
dataT/healthy/healthy_3099.jpg,0,238,A,0.0005346523,test,r1_f0,SwinT
dataT/healthy/healthy_31.jpg,0,238,A,0.0031162465,test,r1_f0,SwinT
dataT/healthy/healthy_3101.jpg,0,238,A,1.9501173e-05,test,r1_f0,SwinT
dataT/healthy/healthy_3102.jpg,0,238,A,0.0009969885,test,r1_f0,SwinT
dataT/healthy/healthy_3103.jpg,0,238,A,0.00018465245,test,r1_f0,SwinT
dataT/healthy/healthy_3104.jpg,0,238,A,0.00044781354,test,r1_f0,SwinT
dataT/healthy/healthy_3105.jpg,0,238,A,0.0003897954,test,r1_f0,SwinT
dataT/healthy/healthy_3106.jpg,0,238,A,2.337172e-05,test,r1_f0,SwinT
dataT/healthy/healthy_3107.jpg,0,238,A,0.008728725,test,r1_f0,SwinT
dataT/healthy/healthy_3108.jpg,0,238,A,9.503607e-05,test,r1_f0,SwinT
dataT/healthy/healthy_3109.jpg,0,238,A,8.612573e-05,test,r1_f0,SwinT
dataT/healthy/healthy_3110.jpg,0,238,A,0.8712622,test,r1_f0,SwinT
dataT/healthy/healthy_3111.jpg,0,238,A,0.0017854339,test,r1_f0,SwinT
dataT/healthy/healthy_3112.jpg,0,238,A,1.4500504e-05,test,r1_f0,SwinT
dataT/healthy/healthy_3113.jpg,0,238,A,0.00060295867,test,r1_f0,SwinT
dataT/healthy/healthy_3115.jpg,0,238,A,4.7711714e-05,test,r1_f0,SwinT
dataT/healthy/healthy_3116.jpg,0,238,A,9.3843475e-05,test,r1_f0,SwinT
dataT/healthy/healthy_3118.jpg,0,238,A,4.5272278e-05,test,r1_f0,SwinT
dataT/healthy/healthy_3119.jpg,0,238,A,8.84267e-05,test,r1_f0,SwinT
dataT/healthy/healthy_3120.jpg,0,238,A,0.0001529571,test,r1_f0,SwinT
dataT/healthy/healthy_3122.jpg,0,238,A,3.8177322e-06,test,r1_f0,SwinT
dataT/healthy/healthy_3123.jpg,0,238,A,3.3547392e-05,test,r1_f0,SwinT
dataT/healthy/healthy_3124.jpg,0,238,A,0.0006120107,test,r1_f0,SwinT
dataT/healthy/healthy_3125.jpg,0,238,A,7.287567e-05,test,r1_f0,SwinT
dataT/healthy/healthy_3126.jpg,0,238,A,5.638227e-05,test,r1_f0,SwinT
dataT/healthy/healthy_3127.jpg,0,238,A,5.7905378e-05,test,r1_f0,SwinT
dataT/healthy/healthy_3128.jpg,0,928,A,0.0002762556,test,r1_f0,SwinT
dataT/healthy/healthy_3130.jpg,0,238,A,5.776595e-06,test,r1_f0,SwinT
dataT/healthy/healthy_3131.jpg,0,238,A,0.0013789396,test,r1_f0,SwinT
dataT/healthy/healthy_3132.jpg,0,238,A,0.00031597025,test,r1_f0,SwinT
dataT/healthy/healthy_3133.jpg,0,238,A,3.4258588e-05,test,r1_f0,SwinT
dataT/healthy/healthy_3134.jpg,0,238,A,5.9443893e-05,test,r1_f0,SwinT
dataT/healthy/healthy_3135.jpg,0,238,A,4.7823865e-05,test,r1_f0,SwinT
dataT/healthy/healthy_3136.jpg,0,238,A,3.1456402e-05,test,r1_f0,SwinT
dataT/healthy/healthy_3137.jpg,0,238,A,9.748031e-05,test,r1_f0,SwinT
dataT/healthy/healthy_3139.jpg,0,238,A,0.00124882,test,r1_f0,SwinT
dataT/healthy/healthy_32.jpg,0,238,A,5.569361e-05,test,r1_f0,SwinT
dataT/healthy/healthy_33.jpg,0,238,A,8.483587e-05,test,r1_f0,SwinT
dataT/healthy/healthy_3317.jpg,0,975,A,0.92318356,test,r1_f0,SwinT
dataT/healthy/healthy_34.jpg,0,238,A,0.007730712,test,r1_f0,SwinT
dataT/healthy/healthy_35.jpg,0,238,A,0.0001921698,test,r1_f0,SwinT
dataT/healthy/healthy_36.jpg,0,238,A,0.009433664,test,r1_f0,SwinT
dataT/healthy/healthy_37.jpg,0,1006,A,0.00019873164,test,r1_f0,SwinT
dataT/healthy/healthy_38.jpg,0,238,A,9.982754e-05,test,r1_f0,SwinT
dataT/healthy/healthy_39.jpg,0,238,A,6.0676448e-05,test,r1_f0,SwinT
dataT/healthy/healthy_4.jpg,0,238,A,0.0005361236,test,r1_f0,SwinT
dataT/healthy/healthy_40.jpg,0,238,A,0.00026018644,test,r1_f0,SwinT
dataT/healthy/healthy_41.jpg,0,238,A,9.0054855e-05,test,r1_f0,SwinT
dataT/healthy/healthy_42.jpg,0,238,A,7.186981e-06,test,r1_f0,SwinT
dataT/healthy/healthy_43.jpg,0,238,A,0.0026071577,test,r1_f0,SwinT
dataT/healthy/healthy_44.jpg,0,238,A,0.00075359404,test,r1_f0,SwinT
dataT/healthy/healthy_45.jpg,0,238,A,0.018541666,test,r1_f0,SwinT
dataT/healthy/healthy_452.jpg,0,1057,B,0.0010681587,test,r1_f0,SwinT
dataT/healthy/healthy_457.jpg,0,1062,B,5.833275e-05,test,r1_f0,SwinT
dataT/healthy/healthy_46.jpg,0,238,A,8.960411e-05,test,r1_f0,SwinT
dataT/healthy/healthy_460.jpg,0,1062,B,0.00032117096,test,r1_f0,SwinT
dataT/healthy/healthy_461.jpg,0,1062,B,8.709152e-05,test,r1_f0,SwinT
dataT/healthy/healthy_462.jpg,0,1062,B,0.015832035,test,r1_f0,SwinT
dataT/healthy/healthy_463.jpg,0,1062,B,2.7475753e-05,test,r1_f0,SwinT
dataT/healthy/healthy_464.jpg,0,1062,B,8.1856306e-05,test,r1_f0,SwinT
dataT/healthy/healthy_465.jpg,0,1062,B,1.2476946e-05,test,r1_f0,SwinT
dataT/healthy/healthy_466.jpg,0,1062,B,0.00040110233,test,r1_f0,SwinT
dataT/healthy/healthy_468.jpg,0,1062,B,0.0016345319,test,r1_f0,SwinT
dataT/healthy/healthy_47.jpg,0,238,A,0.00025695155,test,r1_f0,SwinT
dataT/healthy/healthy_48.jpg,0,238,A,0.0015158289,test,r1_f0,SwinT
dataT/healthy/healthy_5.jpg,0,238,A,0.000426457,test,r1_f0,SwinT
dataT/healthy/healthy_50.jpg,0,238,A,9.213445e-05,test,r1_f0,SwinT
dataT/healthy/healthy_51.jpg,0,238,A,0.00041907342,test,r1_f0,SwinT
dataT/healthy/healthy_53.jpg,0,238,A,5.7240075e-05,test,r1_f0,SwinT
dataT/healthy/healthy_54.jpg,0,238,A,8.132421e-05,test,r1_f0,SwinT
dataT/healthy/healthy_56.jpg,0,238,A,0.0002469516,test,r1_f0,SwinT
dataT/healthy/healthy_59.jpg,0,238,A,4.708421e-06,test,r1_f0,SwinT
dataT/healthy/healthy_597.jpg,0,1123,B,0.0013500918,test,r1_f0,SwinT
dataT/healthy/healthy_6.jpg,0,238,A,3.1657921e-06,test,r1_f0,SwinT
dataT/healthy/healthy_61.jpg,0,238,A,0.0015666815,test,r1_f0,SwinT
dataT/healthy/healthy_62.jpg,0,238,A,0.00078998867,test,r1_f0,SwinT
dataT/healthy/healthy_63.jpg,0,238,A,0.0007176504,test,r1_f0,SwinT
dataT/healthy/healthy_635.jpg,0,1166,B,0.004171306,test,r1_f0,SwinT
dataT/healthy/healthy_638.jpg,0,1166,B,0.00058130326,test,r1_f0,SwinT
dataT/healthy/healthy_639.jpg,0,1166,B,0.0006080336,test,r1_f0,SwinT
dataT/healthy/healthy_64.jpg,0,238,A,0.00013482527,test,r1_f0,SwinT
dataT/healthy/healthy_646.jpg,0,1178,B,0.000108044296,test,r1_f0,SwinT
dataT/healthy/healthy_65.jpg,0,238,A,0.00023373278,test,r1_f0,SwinT
dataT/healthy/healthy_66.jpg,0,238,A,0.0021978575,test,r1_f0,SwinT
dataT/healthy/healthy_664.jpg,0,238,B,0.00025612288,test,r1_f0,SwinT
dataT/healthy/healthy_666.jpg,0,238,B,0.00020221811,test,r1_f0,SwinT
dataT/healthy/healthy_669.jpg,0,238,A,8.5081425e-05,test,r1_f0,SwinT
dataT/healthy/healthy_67.jpg,0,238,A,0.0001382384,test,r1_f0,SwinT
dataT/healthy/healthy_670.jpg,0,1205,A,0.0013999995,test,r1_f0,SwinT
dataT/healthy/healthy_671.jpg,0,238,B,2.4345554e-06,test,r1_f0,SwinT
dataT/healthy/healthy_672.jpg,0,238,B,0.000112211834,test,r1_f0,SwinT
dataT/healthy/healthy_673.jpg,0,238,B,0.000390366,test,r1_f0,SwinT
dataT/healthy/healthy_674.jpg,0,238,B,7.763568e-06,test,r1_f0,SwinT
dataT/healthy/healthy_675.jpg,0,238,B,0.0012820398,test,r1_f0,SwinT
dataT/healthy/healthy_676.jpg,0,238,B,0.0001289808,test,r1_f0,SwinT
dataT/healthy/healthy_677.jpg,0,238,B,1.0257446e-05,test,r1_f0,SwinT
dataT/healthy/healthy_678.jpg,0,238,B,0.014985411,test,r1_f0,SwinT
dataT/healthy/healthy_679.jpg,0,238,B,1.2178347e-05,test,r1_f0,SwinT
dataT/healthy/healthy_68.jpg,0,238,A,0.00013836223,test,r1_f0,SwinT
dataT/healthy/healthy_680.jpg,0,238,B,0.00023876423,test,r1_f0,SwinT
dataT/healthy/healthy_682.jpg,0,238,B,0.000117107345,test,r1_f0,SwinT
dataT/healthy/healthy_683.jpg,0,238,B,2.5547186e-05,test,r1_f0,SwinT
dataT/healthy/healthy_685.jpg,0,238,B,0.04034084,test,r1_f0,SwinT
dataT/healthy/healthy_687.jpg,0,238,B,6.279475e-05,test,r1_f0,SwinT
dataT/healthy/healthy_688.jpg,0,238,B,0.011634584,test,r1_f0,SwinT
dataT/healthy/healthy_690.jpg,0,238,B,2.6713296e-06,test,r1_f0,SwinT
dataT/healthy/healthy_691.jpg,0,238,B,0.0010292925,test,r1_f0,SwinT
dataT/healthy/healthy_693.jpg,0,238,B,5.2807213e-06,test,r1_f0,SwinT
dataT/healthy/healthy_694.jpg,0,238,B,3.4263714e-06,test,r1_f0,SwinT
dataT/healthy/healthy_695.jpg,0,238,B,1.4199553e-05,test,r1_f0,SwinT
dataT/healthy/healthy_697.jpg,0,238,B,3.55839e-06,test,r1_f0,SwinT
dataT/healthy/healthy_7.jpg,0,238,A,0.0003373097,test,r1_f0,SwinT
dataT/healthy/healthy_70.jpg,0,238,A,4.2111265e-06,test,r1_f0,SwinT
dataT/healthy/healthy_73.jpg,0,238,A,0.00019932048,test,r1_f0,SwinT
dataT/healthy/healthy_74.jpg,0,238,A,0.001603219,test,r1_f0,SwinT
dataT/healthy/healthy_75.jpg,0,238,A,8.759826e-05,test,r1_f0,SwinT
dataT/healthy/healthy_76.jpg,0,238,A,3.150849e-05,test,r1_f0,SwinT
dataT/healthy/healthy_77.jpg,0,238,A,0.38297772,test,r1_f0,SwinT
dataT/healthy/healthy_78.jpg,0,238,A,0.00012147457,test,r1_f0,SwinT
dataT/healthy/healthy_79.jpg,0,238,A,4.2496482e-05,test,r1_f0,SwinT
dataT/healthy/healthy_8.jpg,0,238,A,0.00010183084,test,r1_f0,SwinT
dataT/healthy/healthy_80.jpg,0,238,A,0.0079200985,test,r1_f0,SwinT
dataT/healthy/healthy_81.jpg,0,238,A,5.2272953e-05,test,r1_f0,SwinT
dataT/healthy/healthy_83.jpg,0,238,A,0.0003316395,test,r1_f0,SwinT
dataT/healthy/healthy_9.jpg,0,238,A,0.00017454101,test,r1_f0,SwinT
dataT/pod_rot_black/black_pod_rot_109.jpg,1,1279,A,0.99999404,test,r1_f0,SwinT
dataT/pod_rot_black/black_pod_rot_114.jpg,1,1285,A,0.36646444,test,r1_f0,SwinT
dataT/pod_rot_black/black_pod_rot_115.jpg,1,1285,A,0.976398,test,r1_f0,SwinT
dataT/pod_rot_black/black_pod_rot_116.jpg,1,1285,A,0.996317,test,r1_f0,SwinT
dataT/pod_rot_black/black_pod_rot_120.jpg,1,1292,A,0.5346989,test,r1_f0,SwinT
dataT/pod_rot_black/black_pod_rot_142.jpg,1,1316,A,0.95859253,test,r1_f0,SwinT
dataT/pod_rot_black/black_pod_rot_143.jpg,1,1316,A,0.9999372,test,r1_f0,SwinT
dataT/pod_rot_black/black_pod_rot_144.jpg,1,1316,A,0.9999919,test,r1_f0,SwinT
dataT/pod_rot_black/black_pod_rot_146.jpg,1,1316,A,0.9999285,test,r1_f0,SwinT
dataT/pod_rot_black/black_pod_rot_148.jpg,1,1316,A,0.99996805,test,r1_f0,SwinT
dataT/pod_rot_black/black_pod_rot_174.jpg,1,1351,A,0.9999957,test,r1_f0,SwinT
dataT/pod_rot_black/black_pod_rot_182.jpg,1,1362,A,0.9999794,test,r1_f0,SwinT
dataT/pod_rot_black/black_pod_rot_183.jpg,1,1362,A,0.999526,test,r1_f0,SwinT
dataT/pod_rot_black/black_pod_rot_184.jpg,1,1362,A,0.9999622,test,r1_f0,SwinT
dataT/pod_rot_black/black_pod_rot_185.jpg,1,1362,A,0.9999933,test,r1_f0,SwinT
dataT/pod_rot_black/black_pod_rot_187.jpg,1,1362,A,0.99953306,test,r1_f0,SwinT
dataT/pod_rot_black/black_pod_rot_188.jpg,1,1362,A,0.9999995,test,r1_f0,SwinT
dataT/pod_rot_black/black_pod_rot_190.jpg,1,1362,A,0.99806386,test,r1_f0,SwinT
dataT/pod_rot_black/black_pod_rot_192.jpg,1,238,A,0.0011644618,test,r1_f0,SwinT
dataT/pod_rot_black/black_pod_rot_193.jpg,1,238,A,0.9999664,test,r1_f0,SwinT
dataT/pod_rot_black/black_pod_rot_194.jpg,1,238,A,0.9984548,test,r1_f0,SwinT
dataT/pod_rot_black/black_pod_rot_196.jpg,1,1375,A,0.99981385,test,r1_f0,SwinT
dataT/pod_rot_black/black_pod_rot_197.jpg,1,238,A,0.9977354,test,r1_f0,SwinT
dataT/pod_rot_black/black_pod_rot_21.jpg,1,1391,A,0.99998915,test,r1_f0,SwinT
dataT/pod_rot_black/black_pod_rot_224.jpg,1,1407,A,0.99914706,test,r1_f0,SwinT
dataT/pod_rot_black/black_pod_rot_23.jpg,1,1435,A,0.9999958,test,r1_f0,SwinT
dataT/pod_rot_black/black_pod_rot_24.jpg,1,1391,A,0.9999714,test,r1_f0,SwinT
dataT/pod_rot_black/black_pod_rot_25.jpg,1,1435,A,0.9999865,test,r1_f0,SwinT
dataT/pod_rot_black/black_pod_rot_26.jpg,1,1435,A,0.999742,test,r1_f0,SwinT
dataT/pod_rot_black/black_pod_rot_290.jpg,1,1480,A,0.99957913,test,r1_f0,SwinT
dataT/pod_rot_black/black_pod_rot_292.jpg,1,1480,A,0.99880207,test,r1_f0,SwinT
dataT/pod_rot_black/black_pod_rot_293.jpg,1,1480,A,0.15072906,test,r1_f0,SwinT
dataT/pod_rot_black/black_pod_rot_310.jpg,1,1503,A,0.9999963,test,r1_f0,SwinT
dataT/pod_rot_black/black_pod_rot_327.jpg,1,1521,A,0.9985864,test,r1_f0,SwinT
dataT/pod_rot_black/black_pod_rot_328.jpg,1,1522,A,0.8594783,test,r1_f0,SwinT
dataT/pod_rot_black/black_pod_rot_331.jpg,1,1526,A,0.99861646,test,r1_f0,SwinT
dataT/pod_rot_black/black_pod_rot_348.jpg,1,1544,A,0.99948174,test,r1_f0,SwinT
dataT/pod_rot_black/black_pod_rot_364.jpg,1,1562,A,0.99999905,test,r1_f0,SwinT
dataT/pod_rot_black/black_pod_rot_381.jpg,1,238,A,0.022023175,test,r1_f0,SwinT
dataT/pod_rot_black/black_pod_rot_382.jpg,1,238,A,0.9999341,test,r1_f0,SwinT
dataT/pod_rot_black/black_pod_rot_383.jpg,1,238,A,0.9999461,test,r1_f0,SwinT
dataT/pod_rot_black/black_pod_rot_384.jpg,1,238,A,0.97081673,test,r1_f0,SwinT
dataT/pod_rot_black/black_pod_rot_385.jpg,1,238,A,0.99996245,test,r1_f0,SwinT
dataT/pod_rot_black/black_pod_rot_387.jpg,1,238,A,0.95737624,test,r1_f0,SwinT
dataT/pod_rot_black/black_pod_rot_388.jpg,1,238,A,0.70325667,test,r1_f0,SwinT
dataT/pod_rot_black/black_pod_rot_389.jpg,1,1589,A,0.9997503,test,r1_f0,SwinT
dataT/pod_rot_black/black_pod_rot_390.jpg,1,238,A,0.98830694,test,r1_f0,SwinT
dataT/pod_rot_black/black_pod_rot_391.jpg,1,238,A,0.9993056,test,r1_f0,SwinT
dataT/pod_rot_black/black_pod_rot_392.jpg,1,238,A,0.9999931,test,r1_f0,SwinT
dataT/pod_rot_black/black_pod_rot_393.jpg,1,238,A,0.02892732,test,r1_f0,SwinT
dataT/pod_rot_black/black_pod_rot_394.jpg,1,238,A,0.589734,test,r1_f0,SwinT
dataT/pod_rot_black/black_pod_rot_395.jpg,1,238,A,0.0033609725,test,r1_f0,SwinT
dataT/pod_rot_black/black_pod_rot_398.jpg,1,238,A,0.10310376,test,r1_f0,SwinT
dataT/pod_rot_black/black_pod_rot_412.jpg,1,1616,A,0.99981445,test,r1_f0,SwinT
dataT/pod_rot_black/black_pod_rot_413.jpg,1,1617,A,0.8216526,test,r1_f0,SwinT
dataT/pod_rot_black/black_pod_rot_415.jpg,1,1616,A,0.2531367,test,r1_f0,SwinT
dataT/pod_rot_black/black_pod_rot_416.jpg,1,1616,A,0.99975866,test,r1_f0,SwinT
dataT/pod_rot_black/black_pod_rot_417.jpg,1,1621,A,0.9870631,test,r1_f0,SwinT
dataT/pod_rot_black/black_pod_rot_418.jpg,1,1616,A,0.98668647,test,r1_f0,SwinT
dataT/pod_rot_black/black_pod_rot_430.jpg,1,1636,A,0.9999325,test,r1_f0,SwinT
dataT/pod_rot_black/black_pod_rot_455.jpg,1,238,A,0.95706886,test,r1_f0,SwinT
dataT/pod_rot_black/black_pod_rot_456.jpg,1,238,A,0.997138,test,r1_f0,SwinT
dataT/pod_rot_black/black_pod_rot_457.jpg,1,238,A,0.99699056,test,r1_f0,SwinT
dataT/pod_rot_black/black_pod_rot_458.jpg,1,238,A,0.992735,test,r1_f0,SwinT
dataT/pod_rot_black/black_pod_rot_459.jpg,1,238,A,0.9945057,test,r1_f0,SwinT
dataT/pod_rot_black/black_pod_rot_462.jpg,1,238,A,0.9978957,test,r1_f0,SwinT
dataT/pod_rot_black/black_pod_rot_463.jpg,1,238,A,0.99999046,test,r1_f0,SwinT
dataT/pod_rot_black/black_pod_rot_464.jpg,1,1673,A,0.8952581,test,r1_f0,SwinT
dataT/pod_rot_black/black_pod_rot_471.jpg,1,238,A,0.99998915,test,r1_f0,SwinT
dataT/pod_rot_black/black_pod_rot_472.jpg,1,238,A,0.9999144,test,r1_f0,SwinT
dataT/pod_rot_black/black_pod_rot_48.jpg,1,1690,A,0.9999386,test,r1_f0,SwinT
dataT/pod_rot_black/black_pod_rot_5.jpg,1,1712,A,0.99728465,test,r1_f0,SwinT
dataT/pod_rot_black/black_pod_rot_527.jpg,1,1743,A,0.99945825,test,r1_f0,SwinT
dataT/pod_rot_black/black_pod_rot_542.jpg,1,1760,A,0.99581933,test,r1_f0,SwinT
dataT/pod_rot_black/black_pod_rot_543.jpg,1,1760,A,0.9996196,test,r1_f0,SwinT
dataT/pod_rot_black/black_pod_rot_544.jpg,1,1760,A,0.999681,test,r1_f0,SwinT
dataT/pod_rot_black/black_pod_rot_545.jpg,1,1760,A,0.97501355,test,r1_f0,SwinT
dataT/pod_rot_black/black_pod_rot_550.jpg,1,1769,A,0.9999291,test,r1_f0,SwinT
dataT/pod_rot_black/black_pod_rot_593.jpg,1,1816,A,0.9995023,test,r1_f0,SwinT
dataT/pod_rot_black/black_pod_rot_60.jpg,1,1824,A,0.99600714,test,r1_f0,SwinT
dataT/pod_rot_black/black_pod_rot_61.jpg,1,1824,A,0.99989796,test,r1_f0,SwinT
dataT/pod_rot_black/black_pod_rot_613.jpg,1,1839,A,0.99999595,test,r1_f0,SwinT
dataT/pod_rot_black/black_pod_rot_62.jpg,1,1824,A,0.9999405,test,r1_f0,SwinT
dataT/pod_rot_black/black_pod_rot_624.jpg,1,1851,A,0.99999917,test,r1_f0,SwinT
dataT/pod_rot_black/black_pod_rot_625.jpg,1,1852,A,0.9999776,test,r1_f0,SwinT
dataT/pod_rot_black/black_pod_rot_633.jpg,1,1861,A,0.9999615,test,r1_f0,SwinT
dataT/pod_rot_black/black_pod_rot_64.jpg,1,1824,A,0.9999888,test,r1_f0,SwinT
dataT/pod_rot_black/black_pod_rot_65.jpg,1,1879,A,0.99558157,test,r1_f0,SwinT
dataT/pod_rot_black/black_pod_rot_659.jpg,1,1889,A,0.99879116,test,r1_f0,SwinT
dataT/pod_rot_black/black_pod_rot_669.jpg,1,1900,A,0.99982613,test,r1_f0,SwinT
dataT/pod_rot_black/black_pod_rot_67.jpg,1,1824,A,0.9982431,test,r1_f0,SwinT
dataT/pod_rot_black/black_pod_rot_689.jpg,1,1922,A,0.99999774,test,r1_f0,SwinT
dataT/pod_rot_black/black_pod_rot_69.jpg,1,1824,A,0.9998952,test,r1_f0,SwinT
dataT/pod_rot_black/black_pod_rot_692.jpg,1,1922,A,0.9999856,test,r1_f0,SwinT
dataT/pod_rot_black/black_pod_rot_693.jpg,1,1927,A,0.9999535,test,r1_f0,SwinT
dataT/pod_rot_black/black_pod_rot_696.jpg,1,1927,A,0.9999764,test,r1_f0,SwinT
dataT/pod_rot_black/black_pod_rot_697.jpg,1,1927,A,0.9822366,test,r1_f0,SwinT
dataT/pod_rot_black/black_pod_rot_7.jpg,1,1712,A,0.9999449,test,r1_f0,SwinT
dataT/pod_rot_black/black_pod_rot_70.jpg,1,1824,A,0.9957724,test,r1_f0,SwinT
dataT/pod_rot_black/black_pod_rot_71.jpg,1,1824,A,0.99925333,test,r1_f0,SwinT
dataT/pod_rot_black/black_pod_rot_717.jpg,1,1954,A,0.99998343,test,r1_f0,SwinT
dataT/pod_rot_black/black_pod_rot_72.jpg,1,1824,A,0.9997019,test,r1_f0,SwinT
dataT/pod_rot_black/black_pod_rot_73.jpg,1,1824,A,0.9992828,test,r1_f0,SwinT
dataT/pod_rot_black/black_pod_rot_74.jpg,1,1824,A,0.9999025,test,r1_f0,SwinT
dataT/pod_rot_black/black_pod_rot_744.jpg,1,238,A,0.99936193,test,r1_f0,SwinT
dataT/pod_rot_black/black_pod_rot_745.jpg,1,238,A,0.99975556,test,r1_f0,SwinT
dataT/pod_rot_black/black_pod_rot_746.jpg,1,1986,A,0.94354147,test,r1_f0,SwinT
dataT/pod_rot_black/black_pod_rot_747.jpg,1,238,A,0.42954224,test,r1_f0,SwinT
dataT/pod_rot_black/black_pod_rot_748.jpg,1,238,A,0.999946,test,r1_f0,SwinT
dataT/pod_rot_black/black_pod_rot_75.jpg,1,1824,A,0.99450654,test,r1_f0,SwinT
dataT/pod_rot_black/black_pod_rot_750.jpg,1,238,A,0.9995395,test,r1_f0,SwinT
dataT/pod_rot_black/black_pod_rot_751.jpg,1,238,A,0.9927246,test,r1_f0,SwinT
dataT/pod_rot_black/black_pod_rot_76.jpg,1,1824,A,0.99985266,test,r1_f0,SwinT
dataT/pod_rot_black/black_pod_rot_77.jpg,1,1824,A,0.9997234,test,r1_f0,SwinT
dataT/pod_rot_black/black_pod_rot_770.jpg,1,238,A,0.35670146,test,r1_f0,SwinT
dataT/pod_rot_black/black_pod_rot_771.jpg,1,238,A,0.9999746,test,r1_f0,SwinT
dataT/pod_rot_black/black_pod_rot_772.jpg,1,238,A,0.9999677,test,r1_f0,SwinT
dataT/pod_rot_black/black_pod_rot_773.jpg,1,238,A,0.99997675,test,r1_f0,SwinT
dataT/pod_rot_black/black_pod_rot_774.jpg,1,238,A,0.99999547,test,r1_f0,SwinT
dataT/pod_rot_black/black_pod_rot_775.jpg,1,2018,A,0.9844993,test,r1_f0,SwinT
dataT/pod_rot_black/black_pod_rot_776.jpg,1,238,A,0.99943775,test,r1_f0,SwinT
dataT/pod_rot_black/black_pod_rot_777.jpg,1,238,A,0.9997608,test,r1_f0,SwinT
dataT/pod_rot_black/black_pod_rot_778.jpg,1,238,A,0.998276,test,r1_f0,SwinT
dataT/pod_rot_black/black_pod_rot_780.jpg,1,2024,A,0.9999906,test,r1_f0,SwinT
dataT/pod_rot_black/black_pod_rot_794.jpg,1,2039,A,0.9999969,test,r1_f0,SwinT
dataT/pod_rot_black/black_pod_rot_796.jpg,1,2039,A,0.99997044,test,r1_f0,SwinT
dataT/pod_rot_black/black_pod_rot_799.jpg,1,2039,A,0.99998534,test,r1_f0,SwinT
dataT/pod_rot_black/black_pod_rot_8.jpg,1,1712,A,0.9997024,test,r1_f0,SwinT
dataT/pod_rot_black/black_pod_rot_804.jpg,1,2051,A,0.99997234,test,r1_f0,SwinT
dataT/pod_rot_black/black_pod_rot_818.jpg,1,2066,A,0.99687636,test,r1_f0,SwinT
dataT/pod_rot_black/black_pod_rot_831.jpg,1,2081,A,0.99999154,test,r1_f0,SwinT
dataT/pod_rot_black/black_pod_rot_838.jpg,1,2088,A,0.052813392,test,r1_f0,SwinT
dataT/pod_rot_black/black_pod_rot_840.jpg,1,2091,A,0.9999765,test,r1_f0,SwinT
dataT/pod_rot_black/black_pod_rot_841.jpg,1,2088,A,0.9993228,test,r1_f0,SwinT
dataT/pod_rot_black/black_pod_rot_875.jpg,1,2129,A,0.9997174,test,r1_f0,SwinT
dataT/pod_rot_black/black_pod_rot_879.jpg,1,2133,A,0.9976689,test,r1_f0,SwinT
dataT/pod_rot_black/black_pod_rot_881.jpg,1,2136,A,0.7623323,test,r1_f0,SwinT
dataT/pod_rot_black/black_pod_rot_896.jpg,1,2152,A,0.99997985,test,r1_f0,SwinT
dataT/pod_rot_black/black_pod_rot_902.jpg,1,2160,A,0.99951506,test,r1_f0,SwinT
dataT/pod_rot_black/black_pod_rot_933.jpg,1,2194,A,0.6728108,test,r1_f0,SwinT
dataT/pod_rot_black/black_pod_rot_938.jpg,1,238,A,0.021161638,test,r1_f0,SwinT
